ntm_matrix
ntm_het: 3,4,7,10,11,12,13,16,17,18,21,22,23,25,26,29,31,33,36,37,39,42,43,45,47,52,53,58,60,63,65,66,67,68,70,71
ntm_hetandwt: 2,6,15,19,24,27,30,32,34,38,40,46,54,57,61,62,64,3,4,7,10,11,12,13,16,17,18,21,22,23,25,26,29,31,33,36,37,39,42,43,45,47,52,53,58,60,63,65,66,67,68,70,71
ntm_hom: 1,5,8,9,14,20,28,35,41,44,48,49,50,51,55,56,59,69
ntm_e: 72,73,74,75,76,77,78,79,80,81,82,83,84,85,86,87,88,89,90,91,92,93,94,95,96
ntm_wt: 2,6,15,19,24,27,30,32,34,38,40,46,54,57,61,62,64
srebf2_matrix
srebf2_het: 104,106,108,110,112,113,116,118,122,124,130,132,133,134,136,141,142,149,150,151,152,155,156,157,158,159,160,162,164
srebf2_hetandwt: 102,103,105,109,115,117,120,121,123,126,127,128,137,140,143,144,145,147,153,161,169,104,106,108,110,112,113,116,118,122,124,130,132,133,134,136,141,142,149,150,151,152,155,156,157,158,159,160,162,164
srebf2_wt: 102,103,105,109,115,117,120,121,123,126,127,128,137,140,143,144,145,147,153,161,169
srebf2_e: 170,171,172,173,174,175,176,177,178,179,180,181,182,183,184,185,186,187,188,189,190,191,192,193,194,195,196,197
srebf2_hom: 107,111,114,119,125,129,131,135,138,139,146,148,154,163,165,166,167,168
plch2a_matrix
*plch2a_het: 72,74,77,78,82,83,87,89,90,91,93,95,99,101
*plch2a_hom: 73,75,76,79,80,81,84,85,86,88,92,94,96,97,98,100
plch2a_e: 102,103,104,105,106,107,108,109,110,111,112,113,114,115,116,117,118,119,120,121,122,123,124,125,126,127,128,129,130,131,132,133,134,135,136,137,138,139,140,141,142,143,144,145,146,147,148,149,150,151,152,153,154,155,156,157,158,159,160,161,162,163,164,165,166,167
